1 
2 3 
4 5 
6 
5 7 8 
9 
10 11 
12 13 
11 
14 
15 
16 
17 18 
7 19 
20 
21 
22 
23 
24 
19 
25 
9 
26 
9 27 
23 28 29 
30 
27 31 32 
33 
5 12 
9 34 
9 
35 
36 
9 
12 37 
38 
9 
39 
40 
9 
7 27 
28 41 
31 
28 32 
42 43 
44 
33 45 
46 
47 48 
17 36 49 
50 
9 51 
52 
9 
53 
54 
23 
55 
56 
19 
57 
48 
9 
58 59 60 61 
62 
27 
9 13 
63 64 65 66 
66 
9 67 
9 68 
4 
32 
48 67 
9 
9 
5 69 
33 57 
27 
70 
57 
57 
71 
4 
72 
56 73 74 
9 56 73 75 76 
9 56 76 77 
56 76 78 
4 9 56 76 
76 
56 76 
56 73 75 
12 56 73 76 79 
54 56 76 
5 56 73 76 
76 
11 56 73 80 
11 
56 73 76 
56 
13 
81 
73 76 
56 76 78 
23 75 
33 76 82 
9 76 
76 
56 
83 
56 
76 
28 76 
84 
56 
76 
9 
76 
85 
9 86 
21 
32 56 76 
76 
76 
56 87 
56 71 
88 
89 
56 
71 
4 9 88 
48 
15 
65 
78 
9 23 90 
91 92 
76 
56 93 
4 
76 
5 56 
57 
17 94 
76 
95 
9 
43 
28 96 
97 
98 
18 99 100 
52 76 
60 
30 101 
19 
76 
31 102 
103 
104 
79 
9 
105 
106 
107 
5 108 
109 
27 110 
48 
73 103 
19 21 56 
9 111 
9 112 
79 
113 
21 
13 
32 114 
115 
76 
93 
116 
9 
117 
118 
9 119 
120 
46 
9 
66 76 121 
66 120 
48 
122 
18 
9 
9 66 
76 
123 
124 125 
27 
9 
109 
27 
23 
65 
76 
7 
65 
27 
126 
56 127 
76 
128 
123 
76 
65 
76 129 
76 109 
130 
9 43 
37 113 131 
5 
9 43 132 133 
134 
71 135 
136 
90 120 137 
71 
9 
81 
56 
138 
9 139 
7 76 
76 
140 141 
142 
9 143 
24 90 
144 
145 
33 
36 71 146 
5 67 120 147 148 
15 21 48 148 
4 68 
4 54 68 76 
9 56 68 149 